[upload-foto.jpg]
filters=finetune2=1,0.368421,0.134737,0.000000,00000000,0.000000;
moddate=801456938748ce01
width=150
height=120
textactive=0
